['neuron_0', '00000000', -0.06894698679679667, -0.03148215994603709, -0.7019720491898243, -0.7073183975679312, -0.47948347731358876, -0.04561719588334645, -0.47266582759097486, -0.30789439125053397, -0.06894698679679667]
['neuron_0', '00000001', -0.10008903320554818, -0.35806947998933325, -0.3641178699472082, -0.36849872302992126, -0.9724331472043184, -0.7112473905492334, -0.00912833192066087, -0.7411804761910133, -0.7411804761910133]
['neuron_0', '00000010', -0.3868379200588866, -0.14249148181921634, -0.2945197258279997, -0.8454850806871501, -0.7406711799095442, -0.991884633546996, -0.552336405080611, -0.07525447009267794, -0.552336405080611]
['neuron_0', '00000011', -0.27363337638762597, -0.7851714758618272, -0.8639815490497328, -0.2812237527927771, -0.5405841726852002, -0.17118940899628088, -0.6641185932152407, -0.4671927266038276, -1.1313113198190683]
['neuron_0', '00000100', -0.006385310326412319, -0.6369773098833206, -0.4860129463074774, -0.3069164652627743, -0.7615086631173089, -0.9680794788998017, -0.7806037460531849, -0.22899975282774876, -0.9680794788998017]
['neuron_0', '00000101', -0.039822433377241784, -0.30661006541535785, -0.23085332064526187, -0.13745075134343343, -0.41771133270129224, -0.17064471931607095, -0.6717121723673788, -0.24765561108289913, -0.4183003303989701]
['neuron_0', '00000110', -0.610503034904291, -0.16122097142452074, -0.36430522001417154, -0.26835083433402296, -0.9838804838861297, -0.27423711640321435, -0.02482299472372007, -0.8618661927350251, -0.2990601111269344]
['neuron_0', '00000111', -0.9972449487955023, -0.7098690332998909, -0.753013584377305, -0.15131807187918866, -0.6310952656738404, -0.9399624907693959, -0.4275034280012252, -0.4269372910734328, -1.7944032098440539]
['neuron_0', '00001000', -0.17479945280692422, -0.5611763746082595, -0.8493529598845112, -0.1094023267156421, -0.328675403237373, -0.5248645602686901, -0.2805972785958589, -0.601856954146143, -0.328675403237373]
['neuron_0', '00001001', -0.679835192491077, -0.5171576692698903, -0.7867664682122195, -0.9497722108958002, -0.3976124191111804, -0.6356371000529227, -0.32057004813154677, -0.645238844436313, -1.0428512635474934]
['neuron_0', '00001010', -0.3198893607485105, -0.9402983621178244, -0.021503402375597336, -0.3505599977141546, -0.9851853161981388, -0.5399094210397163, -0.6948342968700885, -0.6964140988595725, -1.6800196130682272]
['neuron_0', '00001011', -0.8714460388759873, -0.2899329902037311, -0.3371287147479053, -0.8353131908351786, -0.08783400596092694, -0.1969106194779574, -0.4228634958473094, -0.11822986230899746, -0.6289273641172338]
['neuron_0', '00001100', -0.8675631943119331, -0.4980099743593662, -0.10701520117907948, -0.21498759187151772, -0.5669375198510475, -0.5003019506200036, -0.17817370303969493, -0.999538559080707, -1.067239470471051]
['neuron_0', '00001101', -0.08347422533175197, -0.36072086165368633, -0.009163311611237845, -0.7959004755271532, -0.18185495062416235, -0.20302577241669806, -0.017724372768682328, -0.7279313922427392, -1.1128121152835995]
['neuron_0', '00001110', -0.7844223276303586, -0.31613298619342933, -0.47847560782048126, -0.1198163781465339, -0.4766610808207735, -0.31952321689436214, -0.07303492009828338, -0.21307827158087056, -0.869219217813419]
['neuron_0', '00001111', -0.1849874733067235, -0.25172921318772534, -0.13376235646178214, -0.08170011541878608, -0.767390374087697, -0.8943502534673036, -0.3538334391632654, -0.8076305903297478, -2.8232046570480134]
['neuron_0', '00010000', -0.3574554343388253, -0.5057199922088947, -0.9160824010437335, -0.6415286303555023, -0.2708466213587516, -0.4250602266546911, -0.009508441076443441, -0.7775004411993142, -0.6415286303555023]
['neuron_0', '00010001', -0.6843239919515096, -0.6670721687973685, -0.2023280690941498, -0.4710231203276305, -0.3698309052603187, -0.6289717362243433, -0.6602653951242637, -0.8846310126401542, -1.3556541329677847]
['neuron_0', '00010010', -0.9083987088655046, -0.2868379949004921, -0.19562867964533226, -0.9968386216369992, -0.5835522063014631, -0.02982236484824341, -0.6258539473267235, -0.8711410696913563, -1.6226925689637226]
['neuron_0', '00010011', -0.6860354279086743, -0.2720310464829464, -0.5361605611308152, -0.7731311515331925, -0.8195740241524704, -0.3875203606567479, -0.7766922264754287, -0.6358275556642473, -2.1856509336728687]
['neuron_0', '00010100', -0.2950997050890075, -0.8883794018329699, -0.6533437331477024, -0.9952645858939005, -0.924678009264975, -0.9293862756673004, -0.8770241309713478, -0.7365417199044205, -1.9246508615612008]
['neuron_0', '00010101', -0.7000612533905435, -0.11458064926125855, -0.8417215407721182, -0.42737241704553663, -0.22493188508576123, -0.1389368215472, -0.5695917711615691, -0.4232398173553563, -0.989549055948093]
['neuron_0', '00010110', -0.599117017804762, -0.8394565502887016, -0.15930457366455908, -0.31927125226829134, -0.8416940080212433, -0.5859269743070156, -0.20205845234030806, -0.45188469477203563, -1.1072566789156149]
['neuron_0', '00010111', -0.444838345350937, -0.8148137561275587, -0.028683497125143398, -0.2653140020650646, -0.12249076601514797, -0.5295141797181848, -0.13977818556025068, -0.7943976275448136, -1.7290039948883136]
['neuron_0', '00011000', -0.02250939640344163, -0.5023144434470814, -0.6894460259321111, -0.6214339880933838, -0.8819246868256951, -0.7172839908193706, -0.7769792425456595, -0.20310840249726803, -1.5033586749190788]
['neuron_0', '00011001', -0.43628120566930195, -0.4473565303636391, -0.847662592146613, -0.10307424853735858, -0.7778720173650261, -0.8297852662519891, -0.4307783665596757, -0.4956659136579059, -1.3766121795602906]
['neuron_0', '00011010', -0.692540578273437, -0.9115959435265888, -0.7051448313840575, -0.5868995892348138, -0.5480917587881906, -0.06524228557682377, -0.3876888285097312, -0.4933966499341904, -1.5226801765327358]
['neuron_0', '00011011', -0.11972860110613237, -0.37894412952760725, -0.6157315043496395, -0.6549754699997693, -0.09877845583436473, -0.5238827960832693, -0.714766172672693, -0.7847137784661331, -2.25323387697296]
['neuron_0', '00011100', -0.3776739542394859, -0.11829124616012043, -0.8608335206712177, -0.6760570499346447, -0.7687078598066438, -0.3204821131530984, -0.853587855133371, -0.6523959971619595, -1.7652470228943868]
['neuron_0', '00011101', -0.4260985329954161, -0.10092045478934542, -0.805821227581318, -0.8666163476341622, -0.9153812188268043, -0.5277950287002215, -0.3445550681056737, -0.268961527391532, -2.57875412255272]
['neuron_0', '00011110', -0.6241053306545632, -0.20861392956012048, -0.01447643757530448, -0.7804248878165516, -0.8456307632563167, -0.8615683847961253, -0.6440803542222271, -0.18508925580407165, -3.1317043900912207]
['neuron_0', '00011111', -0.6548275189567232, -0.8785244017484581, -0.12379756635670247, -0.38032966033528826, -0.5427005714240557, -0.1858811653341903, -0.7102419767110946, -0.5160955388086935, -2.3352489126133222]
['neuron_0', '00100000', -0.7989870484119533, -0.7418220866313538, -0.8716050556714703, -0.6146488380431906, -0.8812979874242409, -0.708947789908939, -0.7279474496610518, -0.6170049495918544, -0.8716050556714703]
['neuron_0', '00100001', -0.16505277965643894, -0.169604146693774, -0.13822658855261305, -0.07957094185226488, -0.5207532256658697, -0.7494744214094458, -0.8337028875653207, -0.47361405972903337, -0.6118406482816464]
['neuron_0', '00100010', -0.48202070022246246, -0.4271402285122319, -0.9699062560423878, -0.18887370506412904, -0.019126953650928535, -0.5278631297951779, -0.19587373960014343, -0.032757014227024595, -1.1657799956425312]
['neuron_0', '00100011', -0.426370887258687, -0.9916483646115694, -0.048716589794562615, -0.34981315062054086, -0.36937284076630217, -0.7047424731165525, -0.00029983259844457155, -0.12377507065937254, -0.17279149305237973]
['neuron_0', '00100100', -0.3454343622776195, -0.6184446970012897, -0.1633140595871434, -0.7600537810014245, -0.36517692664854184, -0.4921712285060531, -0.7192166940306848, -0.6786029022999653, -0.6554852880931965]
['neuron_0', '00100101', -0.645599971208437, -0.38592770125232445, -0.488770525044924, -0.8439642474679676, -0.97627102699169, -0.09709628358638622, -0.8921548691968114, -0.9244996464327117, -1.510366455064022]
['neuron_0', '00100110', -0.7678526705859493, -0.4837427539185374, -0.8668373036613565, -0.9903380795903524, -0.9712630690546914, -0.31906146403831537, -0.6364305577367848, -0.5865960926174043, -1.8223293254364565]
['neuron_0', '00100111', -0.4808942441904456, -0.2783630402180751, -0.8671723907051959, -0.25817808568076006, -0.9001444712278571, -0.5466304780459526, -0.8914152460951733, -0.07056438292289013, -2.3757824977692117]
['neuron_0', '00101000', -0.06862874176493261, -0.2480087399730595, -0.8717942037725398, -0.05083090684261182, -0.7863512951697454, -0.32891042552957117, -0.026994636675250594, -0.9898026023574912, -1.6581454989422852]
['neuron_0', '00101001', -0.10693700794792993, -0.1733527173814936, -0.8872819610390786, -0.6035127930736714, -0.3273830894809331, -0.985354172570207, -0.7452832633182361, -0.6913999504528043, -1.9060650009728162]
['neuron_0', '00101010', -0.9790123023303487, -0.803982639142541, -0.18235276674767498, -0.28887981692891707, -0.013956198240883011, -0.5306130618652521, -0.44636592182699275, -0.7011149936513459, -0.6426748868155507]
['neuron_0', '00101011', -0.31422740798703397, -0.35256368249067727, -0.3995196451222921, -0.8948647603332176, -0.5342421823732181, -0.5552408683026515, -0.4907931309063017, -0.4922958216582519, -1.9168507800600638]
['neuron_0', '00101100', -0.5200070510948452, -0.9571413851120838, -0.9008748104119566, -0.02067345504414031, -0.09262269704620418, -0.5195429836793294, -0.724220089174922, -0.11321622391943409, -1.5130404911374902]
['neuron_0', '00101101', -0.5808499014640985, -0.5843534050681786, -0.2808412562197491, -0.7759130761709714, -0.2993484941811724, -0.5905593360192494, -0.6808589945946298, -0.33173082999483006, -1.502479916415001]
['neuron_0', '00101110', -0.2122234021276993, -0.9788809277605997, -0.16934876848307445, -0.5525754194335043, -0.9193238578223587, -0.6459440451689087, -0.30361653153471035, -0.13722124700101224, -2.038233203009052]
['neuron_0', '00101111', -0.8204138365990007, -0.3890056545270215, -0.813976473046381, -0.5836120906287083, -0.24880809315760444, -0.5049363083830314, -0.6755583753225524, -0.9075349342122735, -3.1508141841218427]
['neuron_0', '00110000', -0.8206072721210195, -0.3140313767906535, -0.934059252179426, -0.35177546373179247, -0.9549963333430785, -0.0790457817566752, -0.5125317912602495, -0.2342441785623426, -1.2858347159112185]
['neuron_0', '00110001', -0.7750153546155116, -0.009823654360383793, -0.22667883827619983, -0.140919907159907, -0.6461626299987658, -0.7385209930104032, -0.08532782509717751, -0.5945037691107826, -0.9621025145468894]
['neuron_0', '00110010', -0.8770965773978763, -0.7026216424830437, -0.5547515897376294, -0.5922167231655825, -0.19594663131464762, -0.4814892825561651, -0.5003757717530526, -0.9363574679034852, -1.6473440846562646]
['neuron_0', '00110011', -0.020324283227130646, -0.2259053463084182, -0.19028405250500557, -0.019823044367039633, -0.015554709217404539, -0.25184445630714203, -0.9151380593946452, -0.4173554054911871, -1.5426005617578773]
['neuron_0', '00110100', -0.08562246711212196, -0.2260950423026622, -0.8417852787710718, -0.8128838984759872, -0.9812088769701821, -0.6592343307201548, -0.39598856712448405, -0.860489344969196, -2.313903507967214]
['neuron_0', '00110101', -0.048779420652554806, -0.17487231796764524, -0.9814869147856802, -0.787659736988456, -0.9556354667994112, -0.5186681229064557, -0.6094945199149191, -0.3356055631033813, -2.623420337783973]
['neuron_0', '00110110', -0.6560229221051299, -0.30241686568672677, -0.975150630636426, -0.5096318110141127, -0.7009827635460308, -0.6901440295196241, -0.814049522331899, -0.24266156296877428, -2.988975993502062]
['neuron_0', '00110111', -0.4997736759131073, -0.34867853024025997, -0.759192402763329, -0.4583446642663527, -0.9236288837624128, -0.9106573071362026, -0.7916786139334812, -0.1927173614200306, -3.1125903495193956]
['neuron_0', '00111000', -0.37856707092118114, -0.9524069165324671, -0.09415309340242384, -0.9738978602018195, -0.18147357277721543, -0.29136629600003905, -0.9495362153436774, -0.06778878375916775, -1.2495245263814587]
['neuron_0', '00111001', -0.12143880762349879, -0.1050567459473648, -0.8880071930945381, -0.8504531996019321, -0.6724396164324296, -0.02593449268193304, -0.7249224273158342, -0.785473501658875, -3.196373510787775]
['neuron_0', '00111010', -0.36444592977399115, -0.07756428756461797, -0.6644267778050668, -0.6453847022140214, -0.2845580666654166, -0.5084710543581813, -0.3195414329572751, -0.6620216321662272, -1.9139109796417801]
['neuron_0', '00111011', -0.14854730739974487, -0.9292740394728125, -0.9821136831254176, -0.7104989720384662, -0.19436922746834984, -0.6168575087515503, -0.09479604996602031, -0.9127414434368248, -2.8945193760350785]
['neuron_0', '00111100', -0.6037669880848431, -0.9937818758274155, -0.8380847111077294, -0.26411134620789256, -0.06620650147959517, -0.044663881017831364, -0.8867716340207487, -0.8230719784115016, -1.2130664398130486]
['neuron_0', '00111101', -0.517097134846349, -0.16531209640822042, -0.5431067586632606, -0.3092969975077825, -0.27787142857665237, -0.4619597442454323, -0.13734323316218844, -0.43343117803263576, -2.0256661070257636]
['neuron_0', '00111110', -0.847330360073424, -0.7244108006401139, -0.023684654021472018, -0.719502896445317, -0.3799948328379471, -0.5935158678229326, -0.546669809780306, -0.7541171914425421, -2.2633680609079745]
['neuron_0', '00111111', -0.42322201112970304, -0.38716065971908875, -0.44300754861554026, -0.918647167677312, -0.15504923915761004, -0.02672580808628644, -0.563554463792399, -0.7838604110052865, -2.8908446383344346]
['neuron_0', '01000000', -0.3713649085735784, -0.2640260355944628, -0.07119129110439082, -0.5682163479933602, -0.16233834080500353, -0.5043422006222326, -0.5632975751415581, -0.51785611739202, -0.2640260355944628]
['neuron_0', '01000001', -0.4679010650585116, -0.32321204632055633, -0.3978951019575723, -0.5305518934846669, -0.9250692055752937, -0.08995762320215273, -0.31819814376535405, -0.9280255361733879, -1.2512375824939443]
['neuron_0', '01000010', -0.8143467473331085, -0.5176369998749262, -0.31965771035017654, -0.566398037026556, -0.9928453024497353, -0.6580462187942497, -0.4223256016008322, -0.7383302381408055, -0.9399626014757584]
['neuron_0', '01000011', -0.3159741934996487, -0.5577095624419091, -0.6242038886210086, -0.18371298808295988, -0.8593291806220142, -0.9190752727165017, -0.3908764856105663, -0.10109871414540794, -1.0496847621978833]
['neuron_0', '01000100', -0.11758089191847798, -0.25492711466624685, -0.4968866810321999, -0.8230462329656301, -0.6732202706605299, -0.7632489677017618, -0.768730989804771, -0.13395937581756157, -1.0181760823680086]
['neuron_0', '01000101', -0.5874066785291553, -0.11820167025602613, -0.835622887040403, -0.7933325756260509, -0.16796427298157524, -0.1367647535817922, -0.5619770463940215, -0.688686185758057, -0.9436526095958753]
['neuron_0', '01000110', -0.08587626772225876, -0.6194892391043642, -0.6812874724575616, -0.5713666426782581, -0.5947631763001606, -0.054249750378988826, -0.41190837864972596, -0.8538118930890226, -1.085647368133079]
['neuron_0', '01000111', -0.7566018930865109, -0.9058119416906731, -0.5870842869240264, -0.6723448315097983, -0.7483790903612424, -0.9523999924683535, -0.5532490040513517, -0.7854363417932307, -3.196897280003609]
['neuron_0', '01001000', -0.04702971360561936, -0.4760099610137184, -0.8817910503839305, -0.28506138204693765, -0.46265529593433485, -0.22322309969875642, -0.31310910143813186, -0.12628305716927912, -0.9386652569480533]
['neuron_0', '01001001', -0.33828627202395756, -0.09887602765614001, -0.5825578234433727, -0.64968177356684, -0.7821093178705921, -0.8027475749359353, -0.2925991049924874, -0.6931927165199325, -1.5741780620466646]
['neuron_0', '01001010', -0.09134861787782589, -0.7406525298687954, -0.5484734351073174, -0.2353143356330223, -0.3890947080753471, -0.4221696653564829, -0.36257724779627254, -0.8599813721598033, -1.492324485740415]
['neuron_0', '01001011', -0.13499062434546993, -0.2822781615581741, -0.382075175652705, -0.7849840925391314, -0.44337164761025993, -0.32347579623859835, -0.5418896828688564, -0.5161366202449466, -1.783676112282237]
['neuron_0', '01001100', -0.2632363129371712, -0.7879271220684959, -0.4797898591922327, -0.7219024053964596, -0.8454399267749636, -0.11141913500092382, -0.20589333226652806, -0.07518421742226333, -1.7447861838443832]
['neuron_0', '01001101', -0.7386480281658749, -0.17914819823177774, -0.3428230218003907, -0.574136348414682, -0.4238331826091921, -0.3676436422038283, -0.8906906345400885, -0.8162345327796253, -1.7868595558244236]
['neuron_0', '01001110', -0.3622688728538862, -0.5194070549194059, -0.2565580056313498, -0.7109423530084974, -0.8054217023502852, -0.8593976020985523, -0.10838742633978149, -0.638172263084115, -2.292613785708025]
['neuron_0', '01001111', -0.43301536921174977, -0.7574836611521858, -0.8600966145160669, -0.47579357930306565, -0.6905929146979101, -0.4789978743266813, -0.29608364540196785, -0.7756887548017571, -2.9988468503805024]
['neuron_0', '01010000', -0.6537664485479743, -0.44700293012759673, -0.5788639272554911, -0.47603289186903086, -0.038298350860652475, -0.48913270326070013, -0.19356161434548302, -0.4253146512845746, -0.9230358219966276]
['neuron_0', '01010001', -0.21051630890152917, -0.7136146964348002, -0.27404430829432513, -0.6056349348756727, -0.7349242802586045, -0.44671428621076736, -0.8304263525785642, -0.15885349210047894, -1.4781031234109518]
['neuron_0', '01010010', -0.6299274314839012, -0.6870558113697928, -0.9786941229225364, -0.2702345320003512, -0.21073190499386474, -0.7884738615453956, -0.15788430447264146, -0.9749148394456955, -1.1151746478427853]
['neuron_0', '01010011', -0.0018535036327537169, -0.11797798429978001, -0.6727285147790135, -0.5685184916929903, -0.4161881383802237, -0.5690932955827231, -0.23647232396002815, -0.7738642962850126, -1.696833096237811]
['neuron_0', '01010100', -0.37122931693143, -0.5010005541521694, -0.6270806520161514, -0.5146820183789155, -0.7411017061804777, -0.38464684784177994, -0.0397504548658848, -0.0874317585726162, -1.4003294203728647]
['neuron_0', '01010101', -0.11993783361326726, -0.44734695294258575, -0.5420592237784083, -0.18143409545400213, -0.5227610102487927, -0.7832516030010472, -0.03981232672764201, -0.021334219482348926, -1.433366870879984]
['neuron_0', '01010110', -0.6579193234572118, -0.7994306772903841, -0.4985998663716573, -0.2888317556482002, -0.10836545060233282, -0.7649789221811187, -0.6155133942733906, -0.38833740081577073, -2.468754749393094]
['neuron_0', '01010111', -0.5912220027938465, -0.2742452237278553, -0.06691959385067481, -0.34660228633650036, -0.8846793482764694, -0.5890440746074126, -0.28454652875425257, -0.24470687368627353, -1.7391449871122941]
['neuron_0', '01011000', -0.06441203483112667, -0.8848052445488411, -0.43494398580994353, -0.43433612375223685, -0.2661211804187328, -0.08902516581765074, -0.09389687290421822, -0.4489152666687344, -1.5852625487198106]
['neuron_0', '01011001', -0.34814279227301037, -0.22129049000787449, -0.2454161548081728, -0.09726632225336074, -0.49344203686616495, -0.8274662530877381, -0.9330836722564503, -0.8571573486251567, -1.6691561977525569]
['neuron_0', '01011010', -0.5859539807524711, -0.7324582501178969, -0.47847638625454114, -0.0860260108087233, -0.846689454967535, -0.15168731587185647, -0.8607953564735822, -0.5451350660932447, -2.5259690723677375]
['neuron_0', '01011011', -0.9523334025454223, -0.10322462698494872, -0.5480762577338066, -0.8833325349937601, -0.472200228091024, -0.7166824755900673, -0.5944587308209129, -0.003053343889714122, -2.05626946478036]
['neuron_0', '01011100', -0.5787827595816957, -0.6658047165020378, -0.9743949243600462, -0.4984384327539263, -0.8724049110213743, -0.8174980254357028, -0.8674028115899958, -0.7853412173248818, -2.854146085713041]
['neuron_0', '01011101', -0.23123207805940937, -0.5073190829040481, -0.008365255897416102, -0.7772588272655594, -0.10717660236064597, -0.46117763916501053, -0.9010913765010728, -0.11056184247603629, -1.9634939941713]
['neuron_0', '01011110', -0.1264598411322091, -0.012516447982981904, -0.3635879073940328, -0.9345232868118875, -0.8718377599938267, -0.18591159175319516, -0.14077707741764445, -0.26554023056766696, -2.1455661639595354]
['neuron_0', '01011111', -0.4788316477396436, -0.5505751705952971, -0.11387010612636583, -0.925955635676421, -0.01694593479928752, -0.811571324205315, -0.6381082778036659, -0.11987791008464677, -3.0630342531646333]
['neuron_0', '01100000', -0.45073448157866347, -0.7049692591249146, -0.8138561432258627, -0.4268269774240415, -0.25965908046150776, -0.6514331462704059, -0.1899902007221299, -0.9526843435194797, -1.5188254023507772]
['neuron_0', '01100001', -0.19312868298248553, -0.20306230087224386, -0.14628556627299938, -0.8757949970671756, -0.6031921065170783, -0.09774310850816759, -0.4222673412129313, -0.6671199696768881, -1.0164678368221314]
['neuron_0', '01100010', -0.5830446877162639, -0.005963672698436895, -0.8601745652578806, -0.006800845208696171, -0.11216062222499201, -0.6975374306073424, -0.2656920665883262, -0.5114758898877956, -1.1318303045446436]
['neuron_0', '01100011', -0.7666948789811837, -0.7675032374818451, -0.5122959835818317, -0.3807254012134572, -0.6816359175153687, -0.8246375406419696, -0.37000705220388697, -0.8063101406881289, -2.4561164139556926]
['neuron_0', '01100100', -0.47794905205192106, -0.9775509468457253, -0.525803414955927, -0.602530613512517, -0.41084163801931584, -0.21983483366579726, -0.9920806882034521, -0.22285084550255352, -1.7231891954674494]
['neuron_0', '01100101', -0.1029684284122433, -0.5543147195065858, -0.10435519529245385, -0.4743763672613007, -0.3986029138432352, -0.5225119258645228, -0.6304518858140653, -0.3740235380025879, -1.5552053786661504]
['neuron_0', '01100110', -0.27936497107245284, -0.25575663522368, -0.22155008380058272, -0.023025971051599647, -0.6049492982622545, -0.38088390380231185, -0.8593482256693812, -0.26412601433624716, -1.7175388484959557]
['neuron_0', '01100111', -0.6000003966033911, -0.13220511409573554, -0.3994543988364866, -0.5086906101448132, -0.66054235857384, -0.7201345342479517, -0.8258534667004399, -0.5874723899543576, -2.6651199038349715]
['neuron_0', '01101000', -0.20127857413177752, -0.9705766347303045, -0.7481909068219134, -0.7496081229543387, -0.4708243846438356, -0.6490732065670817, -0.2806146747808257, -0.13236968037890562, -2.1895919261960533]
['neuron_0', '01101001', -0.34304048719356106, -0.5875983670311509, -0.1947349080442785, -0.11595137458465288, -0.444818052754441, -0.2230704197623946, -0.4822966548265638, -0.19712330947905088, -1.4242746373089212]
['neuron_0', '01101010', -0.35212402360773587, -0.16650690530729606, -0.7162222534514717, -0.09272034730545287, -0.8298068754129662, -0.9238698851214547, -0.018681162266460327, -0.5715268965094888, -1.7312171964381942]
['neuron_0', '01101011', -0.7318037226244529, -0.6031612343060855, -0.7357760205380566, -0.9730804777767608, -0.1680234627496361, -0.3770444078498786, -0.7691496314664018, -0.5027139970937617, -2.7788243461539417]
['neuron_0', '01101100', -0.8456403430598587, -0.8321037714882591, -0.10684794478869974, -0.5729373439786329, -0.34307514612701706, -0.31202620059189234, -0.8223806525771822, -0.2339077842182702, -1.5940530629958682]
['neuron_0', '01101101', -0.6228086071354672, -0.9937606321019298, -0.7796461656494864, -0.3673151628561956, -0.9658608661877947, -0.3718784938005947, -0.9104832220725402, -0.9935122365183336, -4.104658394258139]
['neuron_0', '01101110', -0.08241495832297607, -0.8756722558481358, -0.8049503950346766, -0.7632087905490254, -0.5275989583340428, -0.9370725465417556, -0.4128302556672734, -0.022313582458189818, -3.558124411425884]
['neuron_0', '01101111', -0.8878953566634794, -0.558211940481747, -0.4156515589834183, -0.35625556092263255, -0.5316071324322609, -0.20845538147166298, -0.7799478498915929, -0.2664950943634894, -2.7603689576241717]
['neuron_0', '01110000', -0.34822129016124026, -0.010988723244223397, -0.779270533949234, -0.13880045907838845, -0.4312037582438959, -0.2283317177381694, -0.41848178374071743, -0.44927949309649384, -0.9290597162718458]
['neuron_0', '01110001', -0.6223034806074085, -0.11745531133901177, -0.19773535866590175, -0.32260658324374447, -0.24254834226546407, -0.8030159545837907, -0.08297564658782386, -0.7210710872831972, -1.3588683405318553]
['neuron_0', '01110010', -0.9134882750363102, -0.6795122332763078, -0.43053337379990886, -0.583146103537185, -0.19916165765476135, -0.32900071277416365, -0.5590785175390822, -0.22741305435039305, -2.252270228152484]
['neuron_0', '01110011', -0.8740391886318002, -0.3064086444397991, -0.9982263920470477, -0.7881317420745688, -0.005024505203994334, -0.28599955792562637, -0.32540190419584425, -0.5670336043002228, -2.9852022870574824]
['neuron_0', '01110100', -0.8273437377734798, -0.7092784490523608, -0.13944774525425907, -0.6076125753328399, -0.7364414642440124, -0.7923569831064173, -0.7117038069993119, -0.49156600042145004, -2.2486957527458773]
['neuron_0', '01110101', -0.5072435953121015, -0.2259377818768472, -0.8128266001191232, -0.5438205023699233, -0.54973758179791, -0.4143997599861322, -0.06844647982499708, -0.26298025578361595, -2.2599649001356417]
['neuron_0', '01110110', -0.7083136447588977, -0.024261059621602743, -0.716976531507383, -0.37407324649630436, -0.15157893895430274, -0.6330783586527763, -0.43700541198080145, -0.9794630249514678, -2.1853946082588678]
['neuron_0', '01110111', -0.09116982037488353, -0.11119293211475689, -0.6815908665867598, -0.6802633705005674, -0.6937204581284903, -0.8876759210701813, -0.335501192998397, -0.07071448263500002, -2.7669387659056626]
['neuron_0', '01111000', -0.2106077015986344, -0.6401238028067473, -0.6621668649427723, -0.054720368517043094, -0.8943642901506925, -0.003084297832173899, -0.014691581371662155, -0.6449208487593044, -2.2513753264172554]
['neuron_0', '01111001', -0.9641165099476443, -0.8663601523000558, -0.7118079286500437, -0.45486755268111834, -0.42282414699644133, -0.1354211387000981, -0.38273123487736294, -0.5791916762888716, -3.0350514569165306]
['neuron_0', '01111010', -0.2864617775116466, -0.6255863157175321, -0.9314032369066462, -0.7168195386179999, -0.37804037323010753, -0.9763848122542662, -0.4675953129698669, -0.012159681464545713, -3.119444777442153]
['neuron_0', '01111011', -0.28130854892586643, -0.5013350535977866, -0.7720441100807902, -0.7204083706091526, -0.9282363038001883, -0.5983267247358202, -0.48973797842479494, -0.841722292768261, -4.253484109280974]
['neuron_0', '01111100', -0.15570979904141957, -0.9681726066595727, -0.7985261163258661, -0.5307831113838534, -0.6921814508575101, -0.3775184500918708, -0.4953012727166066, -0.39164866813322063, -3.367181735318673]
['neuron_0', '01111101', -0.11358483479022774, -0.9757583242105771, -0.43312672685109477, -0.3827171066028745, -0.22645816660641527, -0.3881511506776091, -0.13813111942208545, -0.14701532501764947, -2.5532267999662204]
['neuron_0', '01111110', -0.9368358228513534, -0.9425705494803812, -0.7809500947248553, -0.5659820975883305, -0.9752327058534291, -0.29218928552841694, -0.6486839824898535, -0.28718793806089904, -4.205608715665266]
['neuron_0', '01111111', -0.7996498770581151, -0.5200507957000943, -0.3354113789005678, -0.06838535967394355, -0.2427977480133382, -0.8032825904937543, -0.8130977729165833, -0.8945622893586291, -3.6775879350569105]
['neuron_0', '10000000', -0.9079098140212216, -0.6080757999451857, -0.8513798794403437, -0.8413260948589782, -0.7217027531875755, -0.9833268252267072, -0.9596066266602457, -0.9624176274011144, -0.9079098140212216]
['neuron_0', '10000001', -0.4816367748077972, -0.23192419334131997, -0.8336425441889889, -0.4587598147022688, -0.9998055903297159, -0.13690798619166245, -0.08741243651462571, -0.9219226107394665, -1.4035593855472637]
['neuron_0', '10000010', -0.17380604689117607, -0.00909921991680207, -0.5453766096692974, -0.5280624975424288, -0.6193154903963408, -0.2391067366403825, -0.1540972462687462, -0.6861872764249622, -0.3279032931599223]
['neuron_0', '10000011', -0.6461953155414971, -0.6353986763147633, -0.9659653088173171, -0.45237835464987297, -0.16349133408391936, -0.7728020691526051, -0.5075069634642162, -0.9262225926613262, -2.0799248716670395]
['neuron_0', '10000100', -0.5760620804774333, -0.12572846459174003, -0.20153985393335494, -0.3370771404285863, -0.37860315474189365, -0.7938376359078685, -0.434735525665075, -0.5307464257295263, -1.369899716385302]
['neuron_0', '10000101', -0.09352892579814354, -0.40860661840150514, -0.15239437969801828, -0.2581408967209592, -0.9114926250499376, -0.375713636703194, -0.5897378498726836, -0.07469611286822486, -0.5439386753695624]
['neuron_0', '10000110', -0.3906515527569131, -0.279753971824113, -0.39487867326472714, -0.6381340629708664, -0.6594519061697399, -0.5199406909285484, -0.8208035425434521, -0.6385481458046439, -1.7313957862289135]
['neuron_0', '10000111', -0.2612573345320519, -0.3131132354407108, -0.5932102380980989, -0.8617608685359062, -0.8694581410839516, -0.9958542168611465, -0.8556993324815232, -0.8140874471225212, -2.9268983309972425]
['neuron_0', '10001000', -0.20359945583742844, -0.40430198480219104, -0.4068214194285138, -0.929817186210479, -0.6273111727990618, -0.356582701545359, -0.7671076584160899, -0.5872998515826418, -0.8309106286364902]
['neuron_0', '10001001', -0.19767747907008026, -0.7420391485085991, -0.14967440910526553, -0.21150067676927276, -0.011846482280286064, -0.4333845363697615, -0.4957466015899131, -0.5430423425793413, -0.7525663039297076]
['neuron_0', '10001010', -0.9435690751536991, -0.058315844013767104, -0.9800163218574849, -0.2406794456553515, -0.4413915100231971, -0.24448241660010905, -0.05227696835025819, -0.08014989933855776, -1.4372375535271544]
['neuron_0', '10001011', -0.6943273072438624, -0.9055173616138427, -0.08906367076158617, -0.6008281396642652, -0.22078009590278347, -0.255732407193083, -0.33896927726247184, -0.4017650678200534, -1.6558417482291712]
['neuron_0', '10001100', -0.2083942522463017, -0.6217126733992431, -0.10359499802702143, -0.6587577029338382, -0.14031449989435407, -0.8848540949126054, -0.030695900230601536, -0.4436942202799262, -1.2335628470532611]
['neuron_0', '10001101', -0.6581516029589576, -0.5839370015570874, -0.048097541206340355, -0.12640488572389408, -0.5677779567659004, -0.7614560422953248, -0.5688868705665617, -0.011527027201743478, -1.9989126292219264]
['neuron_0', '10001110', -0.7945184621818729, -0.34567592780467205, -0.44675807854084226, -0.5389234766587568, -0.8138474080202832, -0.7001073818316229, -0.9967230612820802, -0.9199766212021325, -3.305196313315859]
['neuron_0', '10001111', -0.0661134171319524, -0.2841570547156461, -0.30762494923074424, -0.36143233640526296, -0.6497613878670693, -0.3505825922902034, -0.5936389800009607, -0.9957706846402004, -2.655867061930386]
['neuron_0', '10010000', -0.8088135641684098, -0.9263925464370922, -0.8707186120145739, -0.7439709604947019, -0.41017007667012595, -0.9614177077218183, -0.656255652284633, -0.3755458804325523, -1.5527845246631116]
['neuron_0', '10010001', -0.1268792307764911, -0.47977130202716767, -0.2948813045994747, -0.8185331333846119, -0.23477586692969998, -0.4947012472059116, -0.7616197522930432, -0.06542199574881957, -1.0108343599099225]
['neuron_0', '10010010', -0.7626684200511658, -0.1412153877956892, -0.36081482943098586, -0.29694025411204095, -0.30791281413726557, -0.465136120637505, -0.5339166931689099, -0.9407303270682806, -1.5935253673321166]
['neuron_0', '10010011', -0.9654237688179113, -0.144816744523375, -0.9978008061478906, -0.46934784551027153, -0.5642004065987758, -0.5682589458658719, -0.2654044108782181, -0.20233343579817842, -1.9025094610045792]
['neuron_0', '10010100', -0.4690225210404595, -0.12702901539948808, -0.14815742482539773, -0.9181431848689005, -0.6039751400998348, -0.12123327299902253, -0.14806402346419156, -0.32721600838321185, -1.5083989789083825]
['neuron_0', '10010101', -0.7283128999428355, -0.7512949237617286, -0.2615232311796787, -0.3162532102428306, -0.10116578082952588, -0.6874859920165398, -0.6412653718377331, -0.9461771634603036, -2.6782292656625093]
['neuron_0', '10010110', -0.4803197787356498, -0.909719837449791, -0.7775898509723556, -0.24264165732171195, -0.1049495953641818, -0.2954878748754357, -0.5055597953950504, -0.8658398492052537, -1.5240091063278478]
['neuron_0', '10010111', -0.32105471658081086, -0.011334293523931782, -0.8246996758929404, -0.01677983409774353, -0.8498752124344109, -0.5080739799898277, -0.9243709039506111, -0.1731772945951745, -1.9434567292141676]
['neuron_0', '10011000', -0.9574976812449699, -0.8387497908962793, -0.7438781266194004, -0.1355985804638793, -0.7119006935199967, -0.6539518590438216, -0.17094482313474668, -0.0512755382181016, -1.804996955228846]
['neuron_0', '10011001', -0.463165229299758, -0.5135528037150106, -0.04612784006643056, -0.4128518021855425, -0.488201828369914, -0.7248834630307543, -0.9478004239305268, -0.5130306159652054, -1.87724947582042]
['neuron_0', '10011010', -0.14612198394527487, -0.4447571919776636, -0.875498453979023, -0.17107123906044563, -0.0047593477719213295, -0.9400848763499141, -0.8211021535337422, -0.7186683831701164, -1.143054724311384]
['neuron_0', '10011011', -0.7940149593243416, -0.4843435442325148, -0.36272671634088627, -0.18148051694110678, -0.507705704541665, -0.15571032862436107, -0.1952118634475356, -0.14073040792350844, -1.8191434521781575]
['neuron_0', '10011100', -0.11029965128476138, -0.14429928473436093, -0.6850414917832788, -0.30015644361024896, -0.612199962955298, -0.7685350679721507, -0.2953399588550928, -0.46036168331353566, -1.791191125822459]
['neuron_0', '10011101', -0.5390998374351322, -0.44116395400461295, -0.551155983195371, -0.45885558753070677, -0.7890015447520251, -0.912123020560368, -0.5374892441873105, -0.655913668339953, -3.354993658618185]
['neuron_0', '10011110', -0.4085562486940698, -0.744788476060423, -0.42969584468076427, -0.8348648570461181, -0.6030454749669075, -0.4669463438778252, -0.8858776369939236, -0.05000638554541548, -3.199290561578844]
['neuron_0', '10011111', -0.5432605004168782, -0.7651838961291082, -0.01958518980725965, -0.45802563693400067, -0.6358782075997046, -0.8701413560997122, -0.9044145642654677, -0.12488290393562773, -3.536603169251391]
['neuron_0', '10100000', -0.07700995213659934, -0.5645963684327797, -0.9089131112795377, -0.09936502936135427, -0.5987880613001211, -0.5561758931551374, -0.9700997162270908, -0.2010613628871596, -0.985923063416137]
['neuron_0', '10100001', -0.5500095068974288, -0.8191247628119659, -0.8588796383034701, -0.6298757424282738, -0.772307035401378, -0.8429845613396396, -0.5536527009997423, -0.3439785258616809, -1.75286767106258]
['neuron_0', '10100010', -0.6056053563349545, -0.9899051835315049, -0.7264266104684494, -0.6344084557536314, -0.27515185490816985, -0.3621475602876182, -0.9054719657478767, -0.974777167463151, -2.2375039325512804]
['neuron_0', '10100011', -0.06876096016322697, -0.09724662799447026, -0.37182164483829283, -0.15734165898710406, -0.5776133142674612, -0.16777746168926644, -0.8972625331165386, -0.11842462636013718, -1.4562697644781957]
['neuron_0', '10100100', -0.67786221420877, -0.8546778474863215, -0.42147678494335017, -0.2687456012512516, -0.1985017366974453, -0.9653768543012123, -0.7771241690557316, -0.962151418900465, -2.0647158534533325]
['neuron_0', '10100101', -0.6200247698723318, -0.4776846223652639, -0.6108143022283082, -0.9383582882887391, -0.9987163144327071, -0.32735809621915357, -0.5171914816179884, -0.45877664091393433, -2.016973809233728]
['neuron_0', '10100110', -0.38389312773255435, -0.9660825075878402, -0.4762251422550917, -0.47320994001955774, -0.23433120398673235, -0.4911838303237829, -0.8587902192989331, -0.5771927867416581, -2.210092319610362]
['neuron_0', '10100111', -0.4309168914089305, -0.013641597361030655, -0.7487670776696009, -0.1666129578950557, -0.12068356940094127, -0.3125075680055257, -0.2879473427271756, -0.3985513373058607, -2.1786902171170937]
['neuron_0', '10101000', -0.23991956172127504, -0.640231640097258, -0.7977442234368228, -0.27453017156078774, -0.8513157190497705, -0.9783203009461202, -0.7671558041500202, -0.05643964198742546, -1.8889795042078683]
['neuron_0', '10101001', -0.7748566282042512, -0.618908941253854, -0.6144210688920563, -0.8050067458341164, -0.3663497712680679, -0.5514196829097886, -0.6445482477146, -0.7337931256917439, -2.4894205940561194]
['neuron_0', '10101010', -0.35149496172737293, -0.12549826183135782, -0.5939803661359752, -0.17374033706447323, -0.5720304003474584, -0.6629745898539543, -0.9806369792415376, -0.2829018863705396, -2.4981427074523443]
['neuron_0', '10101011', -0.1845173380956152, -0.49602466093595066, -0.3446406270415684, -0.7615310791909957, -0.8921464740310839, -0.6738349386633561, -0.14318270431003643, -0.8517958954048, -2.4162830388831043]
['neuron_0', '10101100', -0.28235955079341124, -0.3049506470389026, -0.5795174744524872, -0.014782032899501418, -0.6074950987733508, -0.8427160505790927, -0.1684833062349419, -0.20790397500239177, -2.312088174598342]
['neuron_0', '10101101', -0.6349760746787445, -0.6874170797543518, -0.47454709641997017, -0.6528376657606638, -0.04703727299468752, -0.06307830983691087, -0.917061317244988, -0.711437825267619, -1.931076579197932]
['neuron_0', '10101110', -0.9360734656801993, -0.22003385259747732, -0.40824707618834877, -0.12387374005539653, -0.5598980575350377, -0.2370662822300288, -0.2546575844369856, -0.5452905575366949, -2.3959424660705997]
['neuron_0', '10101111', -0.34302117751621053, -0.07467145281825815, -0.8608640954108674, -0.6641895433574891, -0.9509129219061767, -0.03574253400403138, -0.41910353064418737, -0.056722643736973444, -2.6663669032184467]
['neuron_0', '10110000', -0.38428926264852725, -0.08857541041428374, -0.6908490182428825, -0.4387749122232403, -0.6610694426492837, -0.2562681373902759, -0.5078180881932858, -0.37224323538246273, -1.51391319311465]
['neuron_0', '10110001', -0.4024515057483542, -0.6622492168675274, -0.7924499212081553, -0.9644229179593843, -0.8108238975755656, -0.9807451280446997, -0.6726300154849385, -0.22715172550410334, -2.386476070419997]
['neuron_0', '10110010', -0.48427391533658337, -0.7926763364445967, -0.42996851165818795, -0.2139232763792147, -0.27292142101626193, -0.16667327352807626, -0.2618300247843176, -0.5490327689502736, -1.3899957281583037]
['neuron_0', '10110011', -0.8612316012435249, -0.08141764419806363, -0.9952385071683671, -0.7218791237204761, -0.18216577156193914, -0.7112228876503537, -0.6221412681216129, -0.8172969294788277, -4.017787429732809]
['neuron_0', '10110100', -0.4684514307078018, -0.6598745736369696, -0.8391954653170625, -0.5615174981568843, -0.9859177914213181, -0.5942021605659195, -0.14036366371623776, -0.011396478719219783, -2.463366554747668]
['neuron_0', '10110101', -0.7250329027118928, -0.18661198221830044, -0.24218353238679813, -0.4258120273200927, -0.30875104883102256, -0.16386001843137177, -0.6985818183324815, -0.21829750475866072, -1.7751859856088164]
['neuron_0', '10110110', -0.5787691005296922, -0.9998993556235292, -0.05429008564592064, -0.08162422276226677, -0.3067061357528241, -0.836877689362337, -0.28125064642931663, -0.4223089723711547, -1.8328117447295331]
['neuron_0', '10110111', -0.9082745585801392, -0.9259174622209143, -0.603380967096826, -0.12541930181287475, -0.5573758649285253, -0.3118208475251304, -0.24346270337345421, -0.5869424315229184, -2.779300809911343]
['neuron_0', '10111000', -0.3726133503848541, -0.5652689471227487, -0.8556916895514032, -0.18832589200167205, -0.4240457534789889, -0.4447742150746389, -0.9083425543968944, -0.29129015389764423, -1.840676685416918]
['neuron_0', '10111001', -0.24011742814249992, -0.1713014325900104, -0.8886359748383934, -0.19312397915438417, -0.5348159583091886, -0.9642541814532011, -0.9489359968047398, -0.47082763949066986, -2.3275209799351355]
['neuron_0', '10111010', -0.6269779832808656, -0.19663894764398948, -0.7021147126758209, -0.4746848598513448, -0.503504927189269, -0.771682093404175, -0.9589668122449213, -0.9620672705357927, -3.2662492952422215]
['neuron_0', '10111011', -0.10184850273412038, -0.4874040213766192, -0.66787559719396, -0.6500016951632082, -0.9732090978352913, -0.4178464084486505, -0.8001068707964876, -0.029196563541039944, -3.222238327264107]
['neuron_0', '10111100', -0.8672167601159689, -0.4240103192211657, -0.7772088913700222, -0.04636675136749069, -0.11161115616006412, -0.5469994574700969, -0.07428137579244842, -0.16723572000128173, -2.3494030164836426]
['neuron_0', '10111101', -0.4075077268830254, -0.83322219873693, -0.05549662181996018, -0.12242874920869662, -0.14734883284851974, -0.9770519935397751, -0.9172809548431622, -0.2657957312850119, -1.975629655584989]
['neuron_0', '10111110', -0.1898734692542008, -0.1327575243369904, -0.07410522520779095, -0.16263430926654932, -0.4018145574020776, -0.8714567550937607, -0.6558665172636866, -0.23760114207575345, -2.355750833488066]
['neuron_0', '10111111', -0.07904313066362978, -0.9909863116240334, -0.2216448804024057, -0.5978193944412881, -0.09597197491846154, -0.7821175301165076, -0.0829716665660104, -0.7767994300799898, -2.636368007188293]
['neuron_0', '11000000', -0.8045022412915965, -0.5164690513125795, -0.2006744500086186, -0.031176323258713556, -0.076395254734001, -0.9891781558316859, -0.7351338297091201, -0.18731572834758525, -1.3209712926041761]
['neuron_0', '11000001', -0.5936884319173938, -0.9073601031330137, -0.16137340489726415, -0.40795474503986495, -0.9955991081816564, -0.16279081584631183, -0.08119029049995141, -0.03855864181709545, -1.539607176867503]
['neuron_0', '11000010', -0.06755875770791309, -0.24456791159841795, -0.8316455864017716, -0.47876568095341154, -0.824407778568129, -0.37018362674961136, -0.3122472559536499, -0.1851944676122519, -0.6243739252599809]
['neuron_0', '11000011', -0.45706658635538666, -0.906303709655891, -0.8555515290999581, -0.17054158043118428, -0.36106059855367667, -0.3533295494022741, -0.43212725175037525, -0.5469948462836602, -2.3424923940453133]
['neuron_0', '11000100', -0.6317765636104721, -0.45034384305847963, -0.7776288302673842, -0.38945859730605614, -0.439535944582637, -0.209632929142602, -0.9768155297510354, -0.21681937218856173, -1.2917533358115536]
['neuron_0', '11000101', -0.5561609178473171, -0.6762432293798425, -0.603961102173488, -0.14137148367121355, -0.8956684677245378, -0.7821704141204561, -0.4206532831479106, -0.6055769415052178, -2.6201515028528335]
['neuron_0', '11000110', -0.45289621521727996, -0.674186742439345, -0.49469150426364816, -0.41090670520421135, -0.8102751811843283, -0.8084911754202581, -0.9080583521523118, -0.7897375353537978, -2.8436324852291945]
['neuron_0', '11000111', -0.6139091554386816, -0.5529133524507167, -0.060297696374674414, -0.1750704208647832, -0.5540661158409489, -0.9237423332906007, -0.736732074708188, -0.19754953959006738, -3.0248464554782544]
['neuron_0', '11001000', -0.3442796190166274, -0.3001975032592512, -0.8083484139634071, -0.30536068099811287, -0.5365053741545901, -0.3348239347791391, -0.6855571712940903, -0.8273059015573482, -1.1809824964304687]
['neuron_0', '11001001', -0.8404401039858893, -0.30215036926166905, -0.7678728164465319, -0.9368367849285016, -0.0229032624884441, -0.18641049461019676, -0.01025027159254066, -0.44478977250623053, -1.610283508242233]
['neuron_0', '11001010', -0.07053819008905227, -0.1455693094764744, -0.33481393417377536, -0.9692930543578452, -0.03904366060030773, -0.6535741349910938, -0.33365663831311343, -0.5466033935650448, -0.5888077984789478]
['neuron_0', '11001011', -0.4552393061888771, -0.2373177154481949, -0.05998790920481434, -0.30729310963974155, -0.45445937141179327, -0.9297033393034154, -0.4992674247564186, -0.7879407586590367, -2.4342245764643207]
['neuron_0', '11001100', -0.5657752769151282, -0.5453270226108258, -0.8674910045038164, -0.9330312395084878, -0.6394585488620919, -0.009229963261656815, -0.7628305916966276, -0.33570792733156907, -1.7597908116497027]
['neuron_0', '11001101', -0.9130493230680494, -0.9613915407582122, -0.44882605739701686, -0.5649512132204484, -0.7790517702599629, -0.9002075353689352, -0.09902920284588612, -0.4679646659537653, -4.021664835408925]
['neuron_0', '11001110', -0.41707436204961224, -0.9336510398108925, -0.9616624919559035, -0.14796350400451996, -0.9253104901582931, -0.81267590058303, -0.30703428097097274, -0.8702144586091309, -3.3957460735728002]
['neuron_0', '11001111', -0.40631039536787283, -0.00465131277538211, -0.4069018741535131, -0.5437599256236749, -0.9486435144245148, -0.27106524929160725, -0.08137648257306096, -0.13794155615330084, -1.8499885105857388]
['neuron_0', '11010000', -0.3485438291345473, -0.8030543084508677, -0.06414530244443983, -0.8309193056288435, -0.08038378947497649, -0.2509679738452586, -0.842015920683384, -0.2772498473591979, -1.9825174432142585]
['neuron_0', '11010001', -0.17083195891201608, -0.024441913429676165, -0.42067443480408184, -0.47362879412974923, -0.7943775389350549, -0.27731569473792195, -0.46235715777185327, -0.7894121249052509, -1.4583147913766923]
['neuron_0', '11010010', -0.8474938175037114, -0.8205638535648693, -0.08388300055809028, -0.8273857327471692, -0.42395156832718417, -0.2675239693823426, -0.9016480472770964, -0.48418055957478745, -3.3970914510928463]
['neuron_0', '11010011', -0.36820696626213334, -0.4697681137111902, -0.9573073170658206, -0.04006212290692501, -0.23594324801697708, -0.38554364810707775, -0.07671096016006651, -0.19539793153776397, -1.150146094578079]
['neuron_0', '11010100', -0.15268531222696324, -0.7207025015362994, -0.576839785564643, -0.8692928373889238, -0.7864134307764988, -0.8398463629553053, -0.018050756259234246, -0.7480010855512872, -2.582527014107492]
['neuron_0', '11010101', -0.18686681890070533, -0.5821377197446227, -0.9607118519091989, -0.9336201630223522, -0.4473157056373648, -0.897580955156432, -0.06949224405491938, -0.8618206924020143, -3.4620263492261265]
['neuron_0', '11010110', -0.9357587177313478, -0.5408670654311302, -0.9641902280172984, -0.0021915633094400366, -0.8756630765983499, -0.8991267483004978, -0.3542486429745574, -0.5466954928219508, -2.732192737746973]
['neuron_0', '11010111', -0.12006369657998117, -0.02825245508122798, -0.69054210954666, -0.5459478281572576, -0.2856545676987131, -0.7367363798995763, -0.38217018639656586, -0.29105442532515025, -2.104224971439759]
['neuron_0', '11011000', -0.16411432132177928, -0.6677917405733852, -0.5847342490867294, -0.6433922405756546, -0.6149594974048871, -0.585103451788266, -0.06763837218573265, -0.13988468235595908, -2.0902577998757064]
['neuron_0', '11011001', -0.8309821155139244, -0.031372274993243465, -0.12909511237162596, -0.7129583457505662, -0.4686489625786544, -0.9481907916709725, -0.8586761117719954, -0.9462727721151549, -2.9902344709515436]
['neuron_0', '11011010', -0.09854439236294155, -0.6371621567946818, -0.08064834428802548, -0.018815553991742395, -0.6226663830842651, -0.7028223868427915, -0.6031432460392135, -0.004361669108176591, -1.9803317322728446]
['neuron_0', '11011011', -0.9303022002537662, -0.09433419889664074, -0.6873421077258935, -0.41836816065814664, -0.6508185742844944, -0.0406646430909694, -0.9164027432729986, -0.7988912266811945, -3.809117104047241]
['neuron_0', '11011100', -0.10951739496775348, -0.22190084558182366, -0.7254524715177392, -0.4971176993298546, -0.02048975035183076, -0.6064591805752519, -0.8731885813117315, -0.643048872439241, -1.4554848708065145]
['neuron_0', '11011101', -0.09585829226329967, -0.17968857639876545, -0.36246362669368326, -0.6512780036825183, -0.31411606557992733, -0.5029978544260425, -0.7107626324971306, -0.5977503428914885, -2.3416891352420417]
['neuron_0', '11011110', -0.5815270131273136, -0.5507877173757383, -0.1774926737765179, -0.9645033754371757, -0.47978046948609643, -0.3901744065630345, -0.09891806889780508, -0.3714632296710353, -3.0656910508871635]
['neuron_0', '11011111', -0.670034121893622, -0.25104532114257805, -0.5816822697113402, -0.6580676953430763, -0.02764115898690256, -0.7864713250992645, -0.5019874845973331, -0.10838057285014391, -3.0036276799129205]
['neuron_0', '11100000', -0.44785464063185043, -0.45013450037345226, -0.7134276314016122, -0.38968693908984076, -0.4148954616603806, -0.46399108134375455, -0.6537663651232581, -0.29275619669964603, -1.611416772406915]
['neuron_0', '11100001', -0.6580037326870974, -0.28311835223061865, -0.6364243801580005, -0.8388747500473613, -0.023915207447317566, -0.2005959614882986, -0.20986332393572482, -0.8862544451450328, -2.4638009102207494]
['neuron_0', '11100010', -0.646198739688832, -0.3944340534257086, -0.1841550682865848, -0.9391028155478832, -0.30667883086126935, -0.5033933536680653, -0.8672886324456772, -0.579349330346351, -2.092076493846803]
['neuron_0', '11100011', -0.021254020740863355, -0.015493320274895805, -0.9828066772951362, -0.17219436415633982, -0.11591919107891491, -0.44263686206379804, -0.7982340181132946, -0.509947790290816, -2.3277358267150063]
['neuron_0', '11100100', -0.3684989093079526, -0.3093024881311256, -0.41065752321705795, -0.1781386740086307, -0.19024315164124106, -0.9599780484420624, -0.4043858338466366, -0.17780356119395846, -2.0484369690981987]
['neuron_0', '11100101', -0.11267170928278447, -0.5097688620547058, -0.40615462993019535, -0.36193496730051344, -0.23147660138994852, -0.2502617178487917, -0.10977598637035935, -0.6218123767509869, -1.9006692958674642]
['neuron_0', '11100110', -0.3982985852573203, -0.6541475001619717, -0.5692181497952693, -0.41193640376754503, -0.679996983845047, -0.8777401877854475, -0.09057033288134764, -0.7091890467687149, -2.5899747558813564]
['neuron_0', '11100111', -0.7057844921209127, -0.5043266578818933, -0.8944684832803793, -0.48777102890691115, -0.020882785074026522, -0.6481174262391506, -0.6141463208579166, -0.45353374861451445, -3.820377128994767]
['neuron_0', '11101000', -0.8472075315567636, -0.5637592359475854, -0.5910576885912633, -0.7671727811635439, -0.14034288753729263, -0.0008256055140898333, -0.04979807232397637, -0.7046214544245718, -2.142367343632905]
['neuron_0', '11101001', -0.8309110158758843, -0.7286496069873686, -0.30964596056869587, -0.6405210579568882, -0.869766521376219, -0.16014320026924256, -0.42507666050261517, -0.38607853623161303, -3.1250516410397804]
['neuron_0', '11101010', -0.7674680097532868, -0.5849892395586692, -0.9161202715957946, -0.1844535547335513, -0.440974053153804, -0.05818672750085918, -0.42609873187226, -0.8021395947623837, -3.1356503059338143]
['neuron_0', '11101011', -0.08172708264699058, -0.04805815336064889, -0.781411594545544, -0.9959699908219696, -0.010991299078327965, -0.9221879573343722, -0.40654240975413725, -0.18895079660262892, -1.5176813359882777]
['neuron_0', '11101100', -0.23963385214932165, -0.45110475240028847, -0.06087050319545251, -0.1831719725502724, -0.8738018948821649, -0.8833221630893626, -0.32082725221308117, -0.12803089350910601, -2.50873316571659]
['neuron_0', '11101101', -0.1726736374729746, -0.7910354666728313, -0.39001365278531785, -0.841889932229971, -0.2438435746292631, -0.0006650912794544661, -0.850248900371026, -0.48555645680319237, -2.083787879643034]
['neuron_0', '11101110', -0.5334918748908127, -0.6483914572905338, -0.8032478651524614, -0.5576805561129294, -0.29238185927056826, -0.08234234800298967, -0.01906940575568039, -0.8400498551218402, -2.3789248103630465]
['neuron_0', '11101111', -0.2750401339039239, -0.33646922189361406, -0.12240309184619158, -0.5399923528206843, -0.6614207196183737, -0.3204781095900302, -0.3445362861144694, -0.058026082518709665, -2.1183736454853124]
['neuron_0', '11110000', -0.5218922250117202, -0.451300328426959, -0.5971128059051206, -0.831775633022866, -0.7055047953078263, -0.0870528960296264, -0.7577385170685107, -0.7436563699102499, -2.402080992366666]
['neuron_0', '11110001', -0.35717247639117256, -0.5664570155159858, -0.43585286410604307, -0.46978287434413113, -0.566529658452962, -0.01734185321239834, -0.6785857595170034, -0.10198810815754833, -1.931253338514881]
['neuron_0', '11110010', -0.147805522442351, -0.4567220274504865, -0.6881190302191685, -0.5493364659269381, -0.2056791758369676, -0.13109009645300818, -0.19778046012016803, -0.7591393069888448, -2.039763506159112]
['neuron_0', '11110011', -0.38726916829277214, -0.5258450969119804, -0.13744980822049713, -0.5985157668606353, -0.1790739308736411, -0.11193083969694528, -0.43892612320088076, -0.7151758584755906, -2.8031818219623563]
['neuron_0', '11110100', -0.6948505325517637, -0.1526371704103051, -0.05863117817326535, -0.03422693389874876, -0.9075715001369992, -0.4809092772357514, -0.4548143949753576, -0.6996636963092694, -1.4212550922698344]
['neuron_0', '11110101', -0.5097119099469135, -0.5445507924155494, -0.38822979654516154, -0.986142083244856, -0.7441069409376023, -0.9613127575150605, -0.00603064671371456, -0.31281797297629355, -3.7027653126438347]
['neuron_0', '11110110', -0.19613262134013842, -0.06525516471901305, -0.2919012839189601, -0.956360995175264, -0.2508130715400909, -0.8697858082430578, -0.5452986397985644, -0.6156071276688865, -2.9247345131949976]
['neuron_0', '11110111', -0.20734523866625054, -0.32282557766584374, -0.40811962735268736, -0.8180498805093439, -0.5186342868216528, -0.037990523260592934, -0.2047903374962574, -0.9034697262158196, -2.9025909111667954]
['neuron_0', '11111000', -0.0371466277333381, -0.6952089388640935, -0.1340894906253206, -0.012879773450171328, -0.09969529288306767, -0.2469485798587967, -0.43727807049704115, -0.3972908767697708, -0.9790201235559912]
['neuron_0', '11111001', -0.37264158943817915, -0.8749457417825075, -0.21343133401284375, -0.5140577091081564, -0.05731879999369771, -0.6232886687730748, -0.43997189005750303, -0.8540120818099023, -2.886407256145287]
['neuron_0', '11111010', -0.7107025623362321, -0.9867614642924435, -0.3999533964955916, -0.8146038209714294, -0.572015479453019, -0.7759489112216981, -0.47832303129630604, -0.34644193819463254, -3.962359754845022]
['neuron_0', '11111011', -0.4701527837735131, -0.6495403094393064, -0.5361286957990598, -0.599065195421488, -0.004360299433775805, -0.09556639509786269, -0.7391057395268403, -0.36280344633155925, -3.3611564697255427]
['neuron_0', '11111100', -0.9266985746280304, -0.7279702499067721, -0.8835728618043074, -0.8697790797378061, -0.0572617674976208, -0.49385728396459694, -0.9810378458328534, -0.4471854504513355, -3.9591398175391337]
['neuron_0', '11111101', -0.4656721150063493, -0.13098540766183064, -0.536618130924709, -0.5623824926801012, -0.9947160239960683, -0.2145256461774152, -0.3367254412014695, -0.23651559703887626, -3.14141541348535]
['neuron_0', '11111110', -0.8410140125391511, -0.5976983872789191, -0.8744166991440314, -0.8803902098051318, -0.12098661531122712, -0.5646341276435125, -0.409387180389714, -0.15461282957412037, -4.2885272321116865]
['neuron_0', '11111111', 0.8063939664578634, 0.19256371374495518, 0.9942513654545325, 0.8088566212166435, 0.05909971931833513, 0.5960623694494416, 0.17799714606980943, 0.5204680724306295, 4.15569297414221]
